..334-

Papiae, 133, 205. 11511155 (Sanctus), 111.
1551115515(85115515111), 133. 1555155 (noter 05515 1151, 317.
15155115 (8511515), 151. Pruvinonsls (Johsnnssl, dictus 15
15111115 1511115, 15, 133. 1155151151, 131.
1515551555 (8511515), 131. - (8555155113111511115), 131.
1515551515 (851511, 258. 11511111 sin, 131.
15155515555 (85551115)5151115515555115 1551151115, 1.
Son, 51, 52, 53, 51, 55, 57, 91, Ptolomeus. Voyer Pholomous.
511515, 72, oorpus ojus, 1, 19, 53, Potoni (linquendo), 231.
57, 82, 233, 201, 235, 271, 271, Potum (enardus 115), 218, 227.
277, lentum, 117, 210, 237, 218, 115551 Puteolis.
translatio, 35, 51, 82,138, 139, 15151151·1.55115.8555-1.55,209.
113. 1515511515 (151155 11151115), 203.
1515115155 (85151), 253, 231. 151585 (Metellus), 213.
1511115 (Petrus), 133. 111155(1151115115115), 212.
1515555 (Vinea 111), 207. Puteolis (1111511155 115), 229. 115555
Ρο55515(1151511]“511115 15), 139. Vovoz 15151555(11555).Η515555 (5155111
1555115. ,1551151111 15 151515555115551-151-
Pouet (0511151155), 181, 212. 555551, nunt. d'Erov, arr. 115
11515 (1111155115, 222, 815 prosae 115555.
11111555155558515. Pyla, sti fillo, 20.
115115 (Vicus 115), 232. Pylntus, 8,19, 23, 21, 21, 23, 18.
11515555 (8511515), 137. Quasique 155115221. ⁴
Prejootus (85115155), 123.115555115- Quarrete (Perrlns 15), 211.
(55155. 055155151 (8.), 227.
Pret (115515551115155555155), 192. 0115515155 (7111511551 des Guoz di-
11515511555 (lilledo), 223, 228. 51115), 158.)
Propositus 115 Divite Burgo (1511511- - (151155), 215.
1155), 233. 05511151011511515115), 211, 211.
1155551 (Carolus), abhas 8511511- 05515511151511151111115),5111155 8511·
Petri-Viri, 91. oti-Potri-Vivi, 90.
1115111115,ρ1111155 rex Francorum, 70, 0551555 (1555351555), 177, 182, 207,
11, 51. 515.
1115111 (8511115151),135, 139. 0115111ο1 Coronati, 111.

- (11155111, 139, 055511115115105555551(0511115), 131,
111555 (8511515), 123. 201.
Priscus (85115155), 131, 135, 110. 0551155 (0515115 5 15), 200.
115555555(851151115), 12, 133. Ouinidus (85551115), 128.
Prophetas, 37. 0151555 (Et), 198.
Ρ1ο111551115(851151115).155551151115511. Quintinus (85115155),113.

 

