-333-

9111119999 9910911091, 91901991999999 9111199910 (0119109919), 1111199 155,
Senon„ 98. 986.

- 0019911,9011998911911-99111- Ρ1911199 (1991, 999. 11991111 91199
vivi, 90. 09111919 19 19091111 09811111-1999,

Philiseus, filius 81990991009191,178. a 89119.

91110919, 1909190119-1100109, 178. 9199910 (0910911999 de), 909, 909.

9191 (1091109198, 163, 161,196,905, 00999 91999919,

997. - 0999191919111 (0990 de), ab·
- (0010), 197. 01901990-99111-0111, 89. 00999
- (0911901111, 999. . 9191911910.

- (0910911999), 996. Platean (1911910), apud 0999199919,
- 0110,918,996. 916.

919911 ou 1191911111 (09119199), 909, 9191999111 10901090191001199999 (19),
911. 191199, 139171. 00999 9119910.
- (0910911999, 19), 199. 91999910 (0910911999 de), 911. 00999

9191199101 (09119199), de Rem-Len, 9199910.

909. 91011191 (Thomas), 196, 935, 911.

91019501 (919199 89119111), 939. 9191119119 (01119099), 181.

91911011 (Vinea), 938, 939. 9099119 ou 90099119 (0199919191911),

9191109119 (la), 909. 165, 169.

91911009 (stephanus), 938. 90011011 (10099999), 90191199. 971.

91909, 11019119, 960. 9991 (09199199), 181, 919. ’

9199999919 (9091111199), 6. 9011119 a 11 0911619 (la), 170, 999.

919119 (391111), 990119, 969. 901919 (0111090019 le), 999,960.

91911909 Velonnausse, 915. policarpus (09991991, 196.

919119 11001691, 980. 9001911119, 1119191 S. Venere, 105.

919119 00091, 959, 960. 90091191 (Stephanus de), 9111199519·

919119 9911919, 917 91199111-οὶνί 91 archiepiscopus

Pierrefritte (Tetrade), 198, 199. Senon„ 90, 99.

9191911 (091111 91 19090991, 901. 909191119(1ο11991199 de), 900.

9119119 (1011911999), 910. 90919 (01901999 de), 983.

9111110 (Petrus), 919, 996. Pontes 9999119119111 91 009991, 87,

91119911 (Stephanus), 198. 115, 185, 991, 937, 938, 910. Pont-

91119111019 (0019911199 91 odim), 931. 9119009119, arr. 89119.

Pinum (001999), 196. 99901199 (Pilatus 1119199), 91.

9111111011 11 9111199 (991199), 910, 90911199, 91.

911. 9011111199(1ο11991199119), 179, 990,

9191119901911099) 09119919, 911, 997.

91991999, rex 9199091919, 100. 9090391990 (Campus (19), apud 119-

Pius 11, papa, 975. layum-vicecomitis, 991, 915.

 

